                  平安银行 (000001)
      时间	    开盘	    最高	    最低	    收盘	         成交量	   MA.MA1   	   MA.MA2   	   MA.MA3   	   MA.MA4   	VOL-TDX.VVOL  	VOL-TDX.      	VOL-TDX.VOLUME	VOL-TDX.MAVOL1	VOL-TDX.MAVOL2	 MACD.DIF   	 MACD.DEA   	 MACD.MACD  	
 2017/02/10	    9.32	    9.36	    9.31	    9.33	       48274300	           	           	           	           	           	       0.00	  482743.00	           	           	       0.00	       0.00	       0.00	
 2017/02/13	    9.34	    9.44	    9.33	    9.41	       63836400	           	           	           	           	           	       0.00	  638364.00	           	           	       0.01	       0.00	       0.01	
 2017/02/14	    9.41	    9.42	    9.37	    9.40	       36240400	           	           	           	           	           	       0.00	  362404.00	           	           	       0.01	       0.00	       0.01	
 2017/02/15	    9.40	    9.54	    9.39	    9.45	       75661296	           	           	           	           	           	       0.00	  756612.94	           	           	       0.02	       0.01	       0.02	
 2017/02/16	    9.45	    9.50	    9.42	    9.46	       41116100	       9.41	           	           	           	           	       0.00	  411161.00	  530257.00	           	       0.02	       0.01	       0.03	
 2017/02/17	    9.46	    9.49	    9.37	    9.39	       42377400	       9.42	           	           	           	           	       0.00	  423774.00	  518463.19	           	       0.02	       0.01	       0.02	
 2017/02/20	    9.40	    9.58	    9.40	    9.56	       89875504	       9.45	           	           	           	           	       0.00	  898755.06	  570541.38	           	       0.04	       0.02	       0.04	
 2017/02/21	    9.55	    9.62	    9.54	    9.57	       64658400	       9.49	           	           	           	           	       0.00	  646584.00	  627377.38	           	       0.05	       0.02	       0.05	
 2017/02/22	    9.57	    9.57	    9.50	    9.57	       46296600	       9.51	           	           	           	           	       0.00	  462966.00	  568648.00	           	       0.05	       0.03	       0.05	
 2017/02/23	    9.55	    9.57	    9.48	    9.51	       33532700	       9.52	       9.47	           	           	           	       0.00	  335327.00	  553481.19	  541869.13	       0.05	       0.03	       0.04	
 2017/02/24	    9.50	    9.54	    9.48	    9.50	       33250000	       9.54	       9.48	           	           	           	       0.00	  332500.00	  535226.44	  526844.81	       0.05	       0.04	       0.03	
 2017/02/27	    9.50	    9.50	    9.42	    9.43	       40734100	       9.52	       9.48	           	           	           	       0.00	  407341.00	  436943.59	  503742.50	       0.05	       0.04	       0.01	
 2017/02/28	    9.43	    9.51	    9.42	    9.48	       36971900	       9.50	       9.49	           	           	           	       0.00	  369719.00	  381570.59	  504474.00	       0.04	       0.04	       0.01	
 2017/03/01	    9.49	    9.55	    9.47	    9.49	       34699300	       9.48	       9.50	           	           	           	       0.00	  346993.00	  358376.00	  463512.00	       0.04	       0.04	       0.00	
 2017/03/02	    9.51	    9.54	    9.42	    9.43	       40362800	       9.47	       9.49	           	           	           	       0.00	  403628.00	  372036.19	  462758.72	       0.04	       0.04	      -0.01	
 2017/03/03	    9.41	    9.43	    9.36	    9.40	       34265500	       9.45	       9.49	           	           	           	       0.00	  342655.00	  374067.19	  454646.81	       0.03	       0.04	      -0.02	
 2017/03/06	    9.40	    9.46	    9.39	    9.45	       40451100	       9.45	       9.48	           	           	           	       0.00	  404511.00	  373501.19	  405222.41	       0.03	       0.03	      -0.02	
 2017/03/07	    9.44	    9.46	    9.40	    9.45	       29467200	       9.44	       9.47	           	           	           	       0.00	  294672.00	  358491.81	  370031.19	       0.02	       0.03	      -0.02	
 2017/03/08	    9.43	    9.45	    9.40	    9.42	       24443800	       9.43	       9.46	           	           	           	       0.00	  244438.00	  337980.81	  348178.41	       0.02	       0.03	      -0.02	
 2017/03/09	    9.41	    9.43	    9.36	    9.38	       37816900	       9.42	       9.44	       9.45	           	           	       0.00	  378169.00	  332889.00	  352462.59	       0.01	       0.03	      -0.03	
 2017/03/10	    9.38	    9.41	    9.36	    9.40	       39018200	       9.42	       9.43	       9.46	           	           	       0.00	  390182.00	  342394.41	  358230.81	       0.01	       0.02	      -0.03	
 2017/03/13	    9.39	    9.45	    9.37	    9.44	       54530400	       9.42	       9.43	       9.46	           	           	       0.00	  545304.00	  370553.00	  372027.09	       0.01	       0.02	      -0.02	
 2017/03/14	    9.43	    9.46	    9.41	    9.44	       40448400	       9.42	       9.43	       9.46	           	           	       0.00	  404484.00	  392515.41	  375503.59	       0.01	       0.02	      -0.02	
 2017/03/15	    9.42	    9.48	    9.42	    9.48	       54656000	       9.43	       9.43	       9.46	           	           	       0.00	  546560.00	  452939.81	  395460.31	       0.01	       0.02	      -0.01	
 2017/03/16	    9.48	    9.53	    9.45	    9.52	       63595300	       9.46	       9.44	       9.47	           	           	       0.00	  635953.00	  504496.59	  418692.81	       0.02	       0.02	       0.00	
 2017/03/17	    9.45	    9.46	    9.30	    9.31	      158364704	       9.44	       9.43	       9.46	           	           	       0.00	 1583647.00	  743189.63	  542792.00	       0.00	       0.01	      -0.02	
 2017/03/20	    9.29	    9.31	    9.22	    9.25	       71502096	       9.40	       9.41	       9.45	           	           	       0.00	  715020.94	  777133.00	  573843.00	      -0.01	       0.01	      -0.04	
 2017/03/21	    9.25	    9.26	    9.20	    9.24	       55464800	       9.36	       9.39	       9.43	           	           	       0.00	  554648.00	  807165.81	  599840.63	      -0.02	       0.00	      -0.05	
 2017/03/22	    9.20	    9.22	    9.14	    9.16	       56612300	       9.30	       9.36	       9.41	           	           	       0.00	  566123.00	  811078.38	  632009.13	      -0.04	      -0.01	      -0.07	
 2017/03/23	    9.16	    9.24	    9.15	    9.20	       43358800	       9.23	       9.34	       9.39	           	           	       0.00	  433588.00	  770605.38	  637551.00	      -0.05	      -0.01	      -0.07	
 2017/03/24	    9.20	    9.24	    9.16	    9.19	       71082704	       9.21	       9.32	       9.38	           	           	       0.00	  710827.06	  596041.38	  669615.50	      -0.05	      -0.02	      -0.06	
 2017/03/27	    9.12	    9.19	    9.08	    9.14	       98501200	       9.19	       9.29	       9.36	           	           	       0.00	  985012.00	  650039.63	  713586.31	      -0.06	      -0.03	      -0.07	
 2017/03/28	    9.16	    9.17	    9.10	    9.12	       48137200	       9.16	       9.26	       9.35	           	           	       0.00	  481372.00	  635384.44	  721275.13	      -0.07	      -0.04	      -0.07	
 2017/03/29	    9.13	    9.15	    9.09	    9.11	       60114000	       9.15	       9.22	       9.33	           	           	       0.00	  601140.00	  642387.81	  726733.13	      -0.08	      -0.05	      -0.06	
 2017/03/30	    9.12	    9.12	    9.06	    9.08	       68728496	       9.13	       9.18	       9.31	           	           	       0.00	  687284.94	  693127.19	  731866.31	      -0.08	      -0.05	      -0.06	
 2017/03/31	    9.08	    9.18	    9.08	    9.17	       63312100	       9.12	       9.17	       9.30	           	           	       0.00	  633121.00	  677586.00	  636813.69	      -0.08	      -0.06	      -0.04	
 2017/04/05	    9.16	    9.22	    9.15	    9.21	       49915000	       9.14	       9.16	       9.29	           	           	       0.00	  499150.00	  580413.56	  615226.63	      -0.07	      -0.06	      -0.02	
 2017/04/06	    9.20	    9.22	    9.17	    9.20	       43439100	       9.15	       9.16	       9.27	           	           	       0.00	  434391.00	  571017.38	  603200.88	      -0.07	      -0.06	      -0.01	
 2017/04/07	    9.19	    9.22	    9.17	    9.20	       51484400	       9.17	       9.16	       9.26	           	           	       0.00	  514844.00	  553758.19	  598073.00	      -0.06	      -0.06	      -0.00	
 2017/04/10	    9.20	    9.21	    9.17	    9.18	       40134300	       9.19	       9.16	       9.25	           	           	       0.00	  401343.00	  496569.81	  594848.50	      -0.06	      -0.06	       0.00	
 2017/04/11	    9.17	    9.19	    9.09	    9.15	       61243700	       9.19	       9.16	       9.24	           	           	       0.00	  612437.00	  492433.00	  585009.50	      -0.06	      -0.06	       0.00	
 2017/04/12	    9.16	    9.17	    9.10	    9.12	       45533600	       9.17	       9.15	       9.22	           	           	       0.00	  455336.00	  483670.19	  532041.88	      -0.06	      -0.06	       0.00	
 2017/04/13	    9.11	    9.14	    9.10	    9.12	       35744200	       9.15	       9.15	       9.21	           	           	       0.00	  357442.00	  468280.41	  519648.91	      -0.06	      -0.06	       0.00	
 2017/04/14	    9.11	    9.12	    9.06	    9.08	       49050000	       9.13	       9.15	       9.19	           	           	       0.00	  490500.00	  463411.59	  508584.91	      -0.06	      -0.06	      -0.00	
 2017/04/17	    9.08	    9.11	    9.05	    9.10	       53189200	       9.11	       9.15	       9.17	           	           	       0.00	  531892.00	  489521.41	  493045.59	      -0.06	      -0.06	      -0.00	
 2017/04/18	    9.09	    9.10	    9.05	    9.05	       33537600	       9.09	       9.14	       9.15	           	           	       0.00	  335376.00	  434109.19	  463271.09	      -0.07	      -0.06	      -0.01	
 2017/04/19	    9.03	    9.04	    8.90	    8.91	       79966800	       9.05	       9.11	       9.14	           	           	       0.00	  799668.00	  502975.59	  493322.91	      -0.08	      -0.07	      -0.03	
 2017/04/20	    8.90	    8.94	    8.89	    8.92	       43762900	       9.01	       9.08	       9.12	           	           	       0.00	  437629.00	  519013.00	  493646.69	      -0.09	      -0.07	      -0.03	
 2017/04/21	    8.92	    8.99	    8.90	    8.97	       32540800	       8.99	       9.06	       9.11	           	           	       0.00	  325408.00	  485994.59	  474703.09	      -0.09	      -0.07	      -0.03	
 2017/04/24	    8.97	    8.98	    8.89	    8.93	       39499500	       8.96	       9.03	       9.10	           	           	       0.00	  394995.00	  458615.19	  474068.31	      -0.09	      -0.08	      -0.03	
 2017/04/25	    8.93	    9.01	    8.93	    9.00	       37793300	       8.95	       9.02	       9.09	           	           	       0.00	  377933.00	  467126.59	  450617.91	      -0.09	      -0.08	      -0.02	
 2017/04/26	    9.00	    9.01	    8.96	    8.99	       38214700	       8.96	       9.01	       9.08	           	           	       0.00	  382147.00	  383622.41	  443299.00	      -0.09	      -0.08	      -0.01	
 2017/04/27	    8.97	    8.98	    8.91	    8.97	       38739200	       8.97	       8.99	       9.07	           	           	       0.00	  387392.00	  373575.00	  446294.00	      -0.08	      -0.08	      -0.00	
 2017/04/28	    8.96	    8.99	    8.92	    8.99	       28644600	       8.98	       8.98	       9.07	           	           	       0.00	  286446.00	  365782.59	  425888.59	      -0.08	      -0.08	       0.00	
 2017/05/02	    8.96	    8.96	    8.90	    8.94	       31102600	       8.98	       8.97	       9.06	           	           	       0.00	  311026.00	  348988.81	  403802.00	      -0.08	      -0.08	       0.00	
 2017/05/03	    8.92	    8.93	    8.89	    8.91	       28031000	       8.96	       8.95	       9.05	           	           	       0.00	  280310.00	  329464.19	  398295.41	      -0.08	      -0.08	       0.00	
 2017/05/04	    8.89	    8.89	    8.72	    8.74	       69651696	       8.91	       8.94	       9.02	           	           	       0.00	  696516.94	  392338.19	  387980.28	      -0.09	      -0.08	      -0.02	
 2017/05/05	    8.74	    8.76	    8.58	    8.63	       62370000	       8.84	       8.91	       8.99	           	           	       0.00	  623700.00	  439599.78	  406587.41	      -0.11	      -0.09	      -0.05	
 2017/05/08	    8.60	    8.62	    8.54	    8.57	       46008900	       8.76	       8.87	       8.96	           	           	       0.00	  460089.00	  474328.38	  420055.50	      -0.13	      -0.10	      -0.07	
 2017/05/09	    8.56	    8.64	    8.55	    8.64	       32419400	       8.70	       8.84	       8.94	       9.21	           	       0.00	  324194.00	  476962.00	  412975.41	      -0.14	      -0.11	      -0.06	
 2017/05/10	    8.63	    8.80	    8.62	    8.67	       57307700	       8.65	       8.81	       8.91	       9.20	           	       0.00	  573077.00	  535515.38	  432489.78	      -0.14	      -0.11	      -0.05	
 2017/05/11	    8.65	    8.72	    8.60	    8.70	       50364300	       8.64	       8.78	       8.89	       9.19	           	       0.00	  503643.00	  496940.59	  444639.41	      -0.14	      -0.12	      -0.04	
 2017/05/12	    8.68	    8.90	    8.64	    8.90	       91796800	       8.70	       8.77	       8.88	       9.18	           	       0.00	  917968.00	  555794.19	  497697.00	      -0.12	      -0.12	       0.00	
 2017/05/15	    8.89	    8.95	    8.81	    8.86	       53657800	       8.75	       8.76	       8.87	       9.17	           	       0.00	  536578.00	  571092.00	  522710.19	      -0.10	      -0.11	       0.02	
 2017/05/16	    8.84	    8.85	    8.73	    8.84	       52487200	       8.79	       8.75	       8.86	       9.16	           	       0.00	  524872.00	  611227.63	  544094.81	      -0.09	      -0.11	       0.03	
 2017/05/17	    8.81	    8.81	    8.75	    8.77	       41733800	       8.81	       8.73	       8.84	       9.15	           	       0.00	  417338.00	  580079.81	  557797.63	      -0.09	      -0.11	       0.03	
 2017/05/18	    8.72	    8.77	    8.71	    8.73	       22740100	       8.82	       8.73	       8.83	       9.14	           	       0.00	  227401.00	  524831.38	  510886.00	      -0.09	      -0.10	       0.03	
 2017/05/19	    8.74	    8.76	    8.68	    8.69	       29427000	       8.78	       8.74	       8.82	       9.12	           	       0.00	  294270.00	  400091.81	  477943.00	      -0.09	      -0.10	       0.02	
 2017/05/22	    8.68	    8.73	    8.61	    8.68	       67912000	       8.74	       8.75	       8.81	       9.11	           	       0.00	  679120.00	  428600.19	  499846.09	      -0.09	      -0.10	       0.01	
 2017/05/23	    8.67	    8.84	    8.64	    8.79	       80004000	       8.73	       8.76	       8.80	       9.10	           	       0.00	  800040.00	  483633.81	  547430.69	      -0.08	      -0.10	       0.03	
 2017/05/24	    8.78	    8.83	    8.68	    8.81	       53237600	       8.74	       8.78	       8.79	       9.09	           	       0.00	  532376.00	  506641.41	  543360.63	      -0.07	      -0.09	       0.04	
 2017/05/25	    8.79	    9.14	    8.78	    9.10	      162154304	       8.81	       8.82	       8.80	       9.08	           	       0.00	 1621543.00	  785469.81	  655150.63	      -0.04	      -0.08	       0.08	
 2017/05/26	    9.08	    9.13	    9.04	    9.10	       89536496	       8.90	       8.84	       8.80	       9.07	           	       0.00	  895364.94	  905688.81	  652890.31	      -0.02	      -0.07	       0.10	
 2017/05/31	    9.10	    9.23	    9.06	    9.20	      103321000	       9.00	       8.87	       8.81	       9.07	           	       0.00	 1033210.00	  976506.81	  702553.50	       0.01	      -0.05	       0.13	
 2017/06/01	    9.20	    9.23	    9.12	    9.19	       56618200	       9.08	       8.91	       8.83	       9.06	           	       0.00	  566182.00	  929735.19	  706684.50	       0.03	      -0.04	       0.14	
 2017/06/02	    9.18	    9.29	    9.14	    9.17	       77075696	       9.15	       8.95	       8.84	       9.06	           	       0.00	  770756.94	  977411.38	  742026.38	       0.05	      -0.02	       0.13	
 2017/06/05	    9.13	    9.17	    8.99	    9.03	       63413200	       9.14	       8.98	       8.85	       9.05	           	       0.00	  634132.00	  779929.19	  782699.50	       0.05	      -0.01	       0.10	
 2017/06/06	    9.01	    9.06	    8.99	    9.04	       35534100	       9.13	       9.01	       8.87	       9.05	           	       0.00	  355341.00	  671924.38	  788806.56	       0.05	       0.00	       0.08	
 2017/06/07	    9.02	    9.15	    9.01	    9.13	       64572300	       9.11	       9.06	       8.90	       9.04	           	       0.00	  645723.00	  594427.00	  785466.88	       0.05	       0.01	       0.08	
 2017/06/08	    9.11	    9.15	    9.08	    9.13	       38300400	       9.10	       9.09	       8.93	       9.04	           	       0.00	  383004.00	  557791.38	  743763.31	       0.06	       0.02	       0.07	
 2017/06/09	    9.15	    9.22	    9.12	    9.15	       68546800	       9.10	       9.12	       8.95	       9.03	           	       0.00	  685468.00	  540733.63	  759072.50	       0.06	       0.03	       0.06	
 2017/06/12	    9.15	    9.19	    9.10	    9.11	       50457800	       9.11	       9.13	       8.97	       9.03	           	       0.00	  504578.00	  514822.81	  647376.00	       0.06	       0.04	       0.05	
 2017/06/13	    9.11	    9.14	    9.05	    9.12	       44843400	       9.13	       9.13	       8.98	       9.02	           	       0.00	  448434.00	  533441.38	  602682.88	       0.06	       0.04	       0.04	
 2017/06/14	    9.12	    9.13	    9.04	    9.08	       37544400	       9.12	       9.11	       8.99	       9.02	           	       0.00	  375444.00	  479385.59	  536906.31	       0.06	       0.04	       0.03	
 2017/06/15	    9.08	    9.08	    9.03	    9.04	       33779700	       9.10	       9.10	       9.00	       9.01	           	       0.00	  337797.00	  470344.19	  514067.78	       0.05	       0.05	       0.01	
 2017/06/16	    9.04	    9.08	    9.01	    9.02	       28599100	       9.07	       9.09	       9.02	       9.00	           	       0.00	  285991.00	  390448.81	  465591.19	       0.04	       0.05	      -0.01	
 2017/06/19	    9.03	    9.15	    9.02	    9.13	       48970400	       9.08	       9.10	       9.04	       9.00	           	       0.00	  489704.00	  387474.00	  451148.41	       0.04	       0.04	      -0.00	
 2017/06/20	    9.12	    9.16	    9.09	    9.12	       31361500	       9.08	       9.10	       9.06	       9.00	           	       0.00	  313615.00	  360510.19	  446975.81	       0.05	       0.05	       0.00	
 2017/06/21	    9.17	    9.18	    9.11	    9.15	       49693200	       9.09	       9.10	       9.08	       9.00	           	       0.00	  496932.00	  384807.81	  432096.69	       0.05	       0.05	       0.00	
 2017/06/22	    9.15	    9.40	    9.14	    9.25	      142695808	       9.13	       9.12	       9.10	       9.00	           	       0.00	 1426958.13	  602640.00	  536492.13	       0.06	       0.05	       0.02	
 2017/06/23	    9.23	    9.27	    9.16	    9.25	       58400400	       9.18	       9.13	       9.13	       9.00	           	       0.00	  584004.00	  662242.63	  526345.69	       0.06	       0.05	       0.02	
 2017/06/26	    9.26	    9.40	    9.26	    9.30	       71076896	       9.21	       9.15	       9.14	       9.00	           	       0.00	  710768.94	  706455.63	  546964.81	       0.07	       0.06	       0.03	
 2017/06/27	    9.30	    9.39	    9.27	    9.36	       54601600	       9.26	       9.17	       9.15	       9.01	           	       0.00	  546016.00	  752935.81	  556723.00	       0.08	       0.06	       0.04	
 2017/06/28	    9.35	    9.49	    9.33	    9.43	      116879600	       9.32	       9.20	       9.16	       9.01	           	       0.00	 1168796.00	  887308.63	  636058.19	       0.10	       0.07	       0.06	
 2017/06/29	    9.43	    9.45	    9.37	    9.43	       48880400	       9.35	       9.24	       9.17	       9.02	           	       0.00	  488804.00	  699677.81	  651158.88	       0.10	       0.07	       0.06	
 2017/06/30	    9.40	    9.43	    9.31	    9.39	       49963300	       9.38	       9.28	       9.18	       9.02	           	       0.00	  499633.00	  682803.56	  672523.13	       0.11	       0.08	       0.05	
 2017/07/03	    9.40	    9.43	    9.34	    9.40	       38834900	       9.40	       9.31	       9.20	       9.03	           	       0.00	  388349.00	  618319.63	  662387.63	       0.11	       0.09	       0.04	
 2017/07/04	    9.40	    9.41	    9.30	    9.34	       48836200	       9.40	       9.33	       9.22	       9.03	           	       0.00	  488362.00	  606788.81	  679862.31	       0.10	       0.09	       0.03	
 2017/07/05	    9.29	    9.38	    9.27	    9.37	       56772000	       9.39	       9.35	       9.23	       9.03	           	       0.00	  567720.00	  486573.59	  686941.13	       0.10	       0.09	       0.02	
 2017/07/06	    9.36	    9.41	    9.31	    9.40	       73891104	       9.38	       9.37	       9.24	       9.03	           	       0.00	  738911.06	  536595.00	  618136.38	       0.10	       0.09	       0.01	
 2017/07/07	    9.37	    9.48	    9.34	    9.47	       76036896	       9.40	       9.39	       9.26	       9.04	           	       0.00	  760368.94	  588742.19	  635772.88	       0.10	       0.10	       0.02	
 2017/07/10	    9.45	    9.66	    9.44	    9.59	      136081504	       9.43	       9.42	       9.28	       9.05	           	       0.00	 1360815.00	  783235.38	  700777.50	       0.12	       0.10	       0.03	
 2017/07/11	    9.61	   10.46	    9.61	   10.25	      381208608	       9.62	       9.51	       9.34	       9.07	           	       0.00	 3812086.00	 1447980.25	 1027384.50	       0.18	       0.12	       0.12	
 2017/07/12	   10.27	   10.58	   10.20	   10.34	      299884416	       9.81	       9.60	       9.40	       9.09	           	       0.00	 2998844.25	 1934205.00	 1210389.38	       0.23	       0.14	       0.18	
 2017/07/13	   10.30	   10.90	   10.24	   10.90	      299453408	      10.11	       9.74	       9.49	       9.12	           	       0.00	 2994534.00	 2385329.75	 1460962.38	       0.31	       0.17	       0.28	
 2017/07/14	   10.81	   10.94	   10.66	   10.90	      172256992	      10.40	       9.90	       9.59	       9.15	           	       0.00	 1722569.88	 2577769.75	 1583256.00	       0.37	       0.21	       0.32	
 2017/07/17	   10.95	   11.33	   10.72	   10.81	      327312288	      10.64	      10.04	       9.67	       9.18	           	       0.00	 3273123.00	 2960231.50	 1871733.38	       0.41	       0.25	       0.32	
 2017/07/18	   10.75	   11.14	   10.62	   11.05	      234943104	      10.80	      10.21	       9.77	       9.22	           	       0.00	 2349431.00	 2667700.50	 2057840.25	       0.45	       0.29	       0.32	
 2017/07/19	   10.99	   11.19	   10.88	   11.09	      193307504	      10.95	      10.38	       9.87	       9.25	           	       0.00	 1933075.00	 2454546.50	 2194375.75	       0.49	       0.33	       0.31	
 2017/07/20	   11.08	   11.22	   10.91	   10.97	      153733792	      10.96	      10.54	       9.95	       9.29	           	       0.00	 1537337.88	 2163107.25	 2274218.50	       0.50	       0.36	       0.26	
 2017/07/21	   10.83	   10.95	   10.69	   10.89	      150102000	      10.96	      10.68	      10.03	       9.32	           	       0.00	 1501020.00	 2118797.50	 2348283.50	       0.49	       0.39	       0.20	
 2017/07/24	   10.82	   11.06	   10.73	   10.95	      169266400	      10.99	      10.82	      10.12	       9.35	           	       0.00	 1692664.00	 1802705.63	 2381468.50	       0.49	       0.41	       0.16	
 2017/07/25	   10.98	   11.27	   10.95	   11.00	      195476800	      10.98	      10.89	      10.20	       9.38	           	       0.00	 1954768.00	 1723773.00	 2195736.75	       0.48	       0.42	       0.12	
 2017/07/26	   10.92	   11.18	   10.66	   10.74	      169741200	      10.91	      10.93	      10.26	       9.41	           	       0.00	 1697412.00	 1676640.38	 2065593.50	       0.45	       0.43	       0.05	
 2017/07/27	   10.72	   10.77	   10.53	   10.59	      119449000	      10.83	      10.90	      10.32	       9.44	           	       0.00	 1194490.00	 1608070.75	 1885589.13	       0.41	       0.43	      -0.03	
 2017/07/28	   10.61	   10.81	   10.58	   10.74	       81919504	      10.80	      10.88	      10.39	       9.47	           	       0.00	  819195.06	 1471705.75	 1795251.63	       0.39	       0.42	      -0.06	
 2017/07/31	   10.80	   10.82	   10.45	   10.67	      157586400	      10.75	      10.87	      10.45	       9.50	           	       0.00	 1575864.00	 1448345.75	 1625525.75	       0.36	       0.41	      -0.10	
 2017/08/01	   10.64	   11.08	   10.60	   11.04	      203570896	      10.76	      10.87	      10.54	       9.54	           	       0.00	 2035709.00	 1464534.00	 1594153.50	       0.36	       0.40	      -0.07	
 2017/08/02	   11.05	   11.34	   10.96	   11.15	      206206896	      10.84	      10.87	      10.63	       9.59	           	       0.00	 2062069.00	 1537465.38	 1607052.88	       0.37	       0.39	      -0.05	
 2017/08/03	   11.14	   11.22	   10.97	   11.01	       98421904	      10.92	      10.88	      10.71	       9.63	           	       0.00	  984219.06	 1495411.25	 1551741.00	       0.36	       0.38	      -0.05	
 2017/08/04	   11.00	   11.29	   10.93	   11.17	      135395104	      11.01	      10.91	      10.79	       9.67	           	       0.00	 1353951.00	 1602362.38	 1537034.13	       0.36	       0.38	      -0.04	
 2017/08/07	   11.06	   11.17	   10.90	   11.00	       86064400	      11.07	      10.91	      10.86	       9.71	           	       0.00	  860644.00	 1459318.38	 1453832.13	       0.34	       0.37	      -0.06	
 2017/08/08	   11.00	   11.11	   10.91	   11.05	       68956704	      11.08	      10.92	      10.90	       9.74	           	       0.00	  689567.06	 1190090.00	 1327312.00	       0.33	       0.36	      -0.07	
 2017/08/09	   10.96	   11.02	   10.68	   10.73	      104232096	      10.99	      10.91	      10.92	       9.77	           	       0.00	 1042320.94	  986140.44	 1261802.88	       0.29	       0.35	      -0.12	
 2017/08/10	   10.70	   10.82	   10.54	   10.62	       95987904	      10.91	      10.92	      10.91	       9.80	           	       0.00	  959879.06	  981272.44	 1238341.88	       0.24	       0.33	      -0.16	
 2017/08/11	   10.48	   10.54	    9.99	   10.02	      244064304	      10.68	      10.85	      10.86	       9.82	           	       0.00	 2440643.00	 1198610.75	 1400486.63	       0.16	       0.29	      -0.27	
 2017/08/14	   10.13	   10.25	   10.04	   10.22	      115766400	      10.53	      10.80	      10.84	       9.85	           	       0.00	 1157664.00	 1258014.75	 1358666.63	       0.11	       0.26	      -0.30	
 2017/08/15	   10.24	   10.51	   10.21	   10.31	      107516200	      10.38	      10.73	      10.80	       9.87	           	       0.00	 1075162.00	 1335133.75	 1262611.88	       0.07	       0.22	      -0.29	
 2017/08/16	   10.29	   10.37	   10.15	   10.34	       75680600	      10.30	      10.65	      10.76	       9.90	           	       0.00	  756806.00	 1278030.75	 1132085.63	       0.05	       0.19	      -0.28	
 2017/08/17	   10.35	   10.42	   10.29	   10.42	       55364200	      10.26	      10.59	      10.73	       9.93	           	       0.00	  553642.00	 1196783.38	 1089027.88	       0.03	       0.15	      -0.24	
 2017/08/18	   10.36	   10.60	   10.29	   10.44	       61652000	      10.35	      10.52	      10.71	       9.96	           	       0.00	  616520.00	  831958.81	 1015284.81	       0.02	       0.13	      -0.21	
 2017/08/21	   10.43	   10.52	   10.39	   10.46	       39915400	      10.39	      10.46	      10.69	       9.98	           	       0.00	  399154.00	  680256.81	  969135.81	       0.02	       0.11	      -0.18	
 2017/08/22	   10.48	   10.66	   10.37	   10.65	       87568096	      10.46	      10.42	      10.67	      10.01	           	       0.00	  875680.94	  640360.56	  987747.19	       0.03	       0.09	      -0.13	
 2017/08/23	   10.63	   10.98	   10.59	   10.90	      131915104	      10.57	      10.44	      10.68	      10.03	           	       0.00	 1319151.00	  752829.56	 1015430.19	       0.05	       0.08	      -0.06	
 2017/08/24	   10.89	   11.11	   10.84	   10.93	       92424800	      10.68	      10.47	      10.69	      10.06	           	       0.00	  924248.00	  826950.81	 1011867.13	       0.08	       0.08	      -0.01	
 2017/08/25	   10.94	   11.17	   10.90	   11.11	       96394000	      10.81	      10.58	      10.71	      10.09	           	       0.00	  963940.00	  896434.81	  864196.81	       0.11	       0.09	       0.04	
 2017/08/28	   11.10	   11.54	   11.10	   11.35	      160393792	      10.99	      10.69	      10.75	      10.13	           	       0.00	 1603937.88	 1137391.50	  908824.19	       0.15	       0.10	       0.10	
 2017/08/29	   11.30	   11.74	   11.28	   11.67	      135798304	      11.19	      10.83	      10.78	      10.18	           	       0.00	 1357983.00	 1233852.00	  937106.25	       0.21	       0.12	       0.17	
 2017/08/30	   11.68	   11.70	   11.35	   11.43	      109667400	      11.30	      10.94	      10.79	      10.22	           	       0.00	 1096674.00	 1189356.63	  971093.06	       0.23	       0.14	       0.18	
 2017/08/31	   11.39	   11.44	   11.15	   11.28	      115178600	      11.37	      11.02	      10.81	      10.25	           	       0.00	 1151786.00	 1234864.13	 1030907.50	       0.24	       0.16	       0.15	
 2017/09/01	   11.28	   11.39	   11.15	   11.21	       95997600	      11.39	      11.10	      10.81	      10.29	           	       0.00	  959976.00	 1234071.38	 1065253.13	       0.23	       0.18	       0.11	
 2017/09/04	   11.18	   11.72	   11.17	   11.72	      135232496	      11.46	      11.23	      10.84	      10.33	           	       0.00	 1352325.00	 1183748.75	 1160570.13	       0.26	       0.19	       0.14	
 2017/09/05	   11.68	   11.94	   11.60	   11.64	      128751800	      11.46	      11.32	      10.87	      10.37	           	       0.00	 1287518.00	 1169655.75	 1201753.88	       0.28	       0.21	       0.14	
 2017/09/06	   11.59	   11.88	   11.48	   11.70	       79162096	      11.51	      11.40	      10.92	      10.41	           	       0.00	  791620.94	 1108645.25	 1149000.88	       0.30	       0.23	       0.14	
 2017/09/07	   11.65	   11.75	   11.39	   11.44	       61418700	      11.54	      11.45	      10.96	      10.45	           	       0.00	  614187.00	 1001125.38	 1117994.75	       0.28	       0.24	       0.09	
 2017/09/08	   11.46	   11.64	   11.38	   11.49	       48127600	      11.60	      11.49	      11.04	      10.50	           	       0.00	  481276.00	  905385.38	 1069728.38	       0.28	       0.25	       0.06	
 2017/09/11	   11.54	   11.69	   11.30	   11.38	       69947200	      11.53	      11.50	      11.09	      10.53	           	       0.00	  699472.00	  774814.81	  979281.81	       0.26	       0.25	       0.02	
 2017/09/12	   11.38	   11.54	   11.27	   11.54	       84618304	      11.51	      11.48	      11.15	      10.57	           	       0.00	  846183.06	  686547.81	  928101.81	       0.25	       0.25	       0.00	
 2017/09/13	   11.49	   11.54	   11.34	   11.43	       66823700	      11.46	      11.48	      11.21	      10.61	           	       0.00	  668237.00	  661871.00	  885258.13	       0.24	       0.25	      -0.02	
 2017/09/14	   11.43	   11.59	   11.24	   11.32	       88308704	      11.43	      11.49	      11.25	      10.65	           	       0.00	  883087.06	  715651.00	  858388.19	       0.21	       0.24	      -0.05	
 2017/09/15	   11.29	   11.32	   11.15	   11.29	       64609400	      11.39	      11.49	      11.30	      10.68	           	       0.00	  646094.00	  748614.63	  827000.00	       0.19	       0.23	      -0.08	
 2017/09/18	   11.25	   11.32	   11.20	   11.25	       60761200	      11.37	      11.45	      11.34	      10.71	           	       0.00	  607612.00	  730242.63	  752528.69	       0.17	       0.22	      -0.10	
 2017/09/19	   11.25	   11.34	   11.08	   11.13	       76421200	      11.28	      11.40	      11.36	      10.74	           	       0.00	  764212.00	  713848.44	  700198.13	       0.14	       0.20	      -0.13	
 2017/09/20	   11.14	   11.37	   11.05	   11.29	       78715400	      11.26	      11.36	      11.38	      10.77	           	       0.00	  787154.00	  737631.81	  699751.44	       0.12	       0.18	      -0.12	
 2017/09/21	   11.26	   11.51	   11.20	   11.46	       69240704	      11.28	      11.36	      11.41	      10.81	           	       0.00	  692407.06	  699495.81	  707573.44	       0.13	       0.17	      -0.09	
 2017/09/22	   11.43	   11.52	   11.31	   11.44	       59392700	      11.31	      11.35	      11.42	      10.84	           	       0.00	  593927.00	  689062.44	  718838.50	       0.12	       0.16	      -0.08	
 2017/09/25	   11.44	   11.45	   11.18	   11.29	       53239100	      11.32	      11.34	      11.42	      10.87	           	       0.00	  532391.00	  674018.19	  702130.44	       0.11	       0.15	      -0.08	
 2017/09/26	   11.26	   11.30	   10.96	   11.05	       96746000	      11.31	      11.30	      11.39	      10.90	           	       0.00	  967460.00	  714667.81	  714258.13	       0.08	       0.14	      -0.12	
 2017/09/27	   11.01	   11.08	   10.90	   10.93	       72718800	      11.23	      11.24	      11.36	      10.93	           	       0.00	  727188.00	  702674.63	  720153.19	       0.04	       0.12	      -0.15	
 2017/09/28	   10.98	   10.98	   10.82	   10.88	       51722000	      11.12	      11.20	      11.34	      10.95	           	       0.00	  517220.00	  667637.19	  683566.50	       0.01	       0.10	      -0.17	
 2017/09/29	   10.92	   11.16	   10.86	   11.11	       68228000	      11.05	      11.18	      11.34	      10.98	           	       0.00	  682280.00	  685307.81	  687185.13	       0.00	       0.08	      -0.15	
 2017/10/09	   11.57	   11.64	   11.26	   11.30	      132522704	      11.05	      11.19	      11.32	      11.01	           	       0.00	 1325227.00	  843875.00	  758946.63	       0.01	       0.07	      -0.10	
 2017/10/10	   11.33	   11.50	   11.33	   11.47	       74792496	      11.14	      11.22	      11.31	      11.03	           	       0.00	  747924.94	  799968.00	  757317.88	       0.04	       0.06	      -0.05	
 2017/10/11	   11.48	   11.58	   11.34	   11.53	       65807700	      11.26	      11.25	      11.30	      11.05	           	       0.00	  658077.00	  786145.81	  744410.19	       0.06	       0.06	      -0.01	
 2017/10/12	   11.54	   11.58	   11.47	   11.55	       57806500	      11.39	      11.26	      11.31	      11.06	           	       0.00	  578065.00	  798314.81	  732976.00	       0.07	       0.06	       0.02	
 2017/10/13	   11.56	   11.56	   11.25	   11.36	       73737504	      11.44	      11.25	      11.30	      11.07	           	       0.00	  737375.06	  809333.81	  747320.81	       0.07	       0.06	       0.01	
 2017/10/16	   11.36	   11.60	   11.29	   11.59	      103625000	      11.50	      11.28	      11.31	      11.08	           	       0.00	 1036250.00	  751538.38	  797706.69	       0.09	       0.07	       0.04	
 2017/10/17	   11.62	   11.65	   11.48	   11.51	       50637200	      11.51	      11.32	      11.31	      11.09	           	       0.00	  506372.00	  703227.81	  751597.88	       0.09	       0.07	       0.04	
 2017/10/18	   11.53	   11.70	   11.51	   11.69	       87136496	      11.54	      11.40	      11.32	      11.10	           	       0.00	  871364.94	  745885.38	  766015.63	       0.11	       0.08	       0.06	
 2017/10/19	   11.64	   11.72	   11.57	   11.63	       72276400	      11.56	      11.47	      11.34	      11.11	           	       0.00	  722764.00	  774825.19	  786570.00	       0.12	       0.09	       0.06	
 2017/10/20	   11.59	   11.59	   11.41	   11.48	       46180800	      11.58	      11.51	      11.35	      11.12	           	       0.00	  461808.00	  719711.81	  764522.81	       0.11	       0.09	       0.03	
 2017/10/23	   11.39	   11.40	   11.15	   11.19	      107446496	      11.50	      11.50	      11.34	      11.12	           	       0.00	 1074465.00	  727354.81	  739446.63	       0.08	       0.09	      -0.02	
 2017/10/24	   11.20	   11.42	   11.18	   11.39	       61887100	      11.48	      11.49	      11.36	      11.13	           	       0.00	  618871.00	  749854.56	  726541.19	       0.07	       0.09	      -0.03	
 2017/10/25	   11.36	   11.37	   11.25	   11.27	       41857300	      11.39	      11.47	      11.36	      11.14	           	       0.00	  418573.00	  659296.19	  702590.81	       0.05	       0.08	      -0.05	
 2017/10/26	   11.25	   11.32	   11.12	   11.18	       92899600	      11.30	      11.43	      11.34	      11.15	           	       0.00	  928996.00	  700542.63	  737683.88	       0.03	       0.07	      -0.08	
 2017/10/27	   11.19	   11.56	   11.18	   11.56	      136008608	      11.32	      11.45	      11.35	      11.16	           	       0.00	 1360086.13	  880198.25	  799955.00	       0.04	       0.06	      -0.04	
 2017/10/30	   11.55	   11.73	   11.45	   11.56	      127824600	      11.39	      11.45	      11.36	      11.18	           	       0.00	 1278246.00	  920954.44	  824154.63	       0.05	       0.06	      -0.02	
 2017/10/31	   11.55	   11.58	   11.39	   11.54	       62749100	      11.42	      11.45	      11.39	      11.18	           	       0.00	  627491.00	  922678.44	  836266.50	       0.06	       0.06	      -0.00	
 2017/11/01	   11.56	   11.59	   11.32	   11.40	       69261696	      11.45	      11.42	      11.41	      11.19	           	       0.00	  692616.94	  977487.19	  818391.69	       0.05	       0.06	      -0.01	
 2017/11/02	   11.36	   11.58	   11.26	   11.54	       60430800	      11.52	      11.41	      11.44	      11.20	           	       0.00	  604308.00	  912549.63	  806546.13	       0.06	       0.06	      -0.00	
 2017/11/03	   11.49	   11.68	   11.35	   11.39	       74334304	      11.49	      11.40	      11.46	      11.20	           	       0.00	  743343.06	  789201.00	  834699.63	       0.05	       0.06	      -0.02	
 2017/11/06	   11.42	   11.42	   11.09	   11.28	      102990200	      11.43	      11.41	      11.46	      11.21	           	       0.00	 1029902.00	  739532.19	  830243.31	       0.03	       0.05	      -0.04	
 2017/11/07	   11.27	   12.09	   11.25	   11.92	      247716304	      11.51	      11.46	      11.48	      11.22	           	       0.00	 2477163.00	 1109466.63	 1016072.50	       0.07	       0.06	       0.03	
 2017/11/08	   12.00	   12.59	   11.93	   12.13	      426282496	      11.65	      11.55	      11.51	      11.24	           	       0.00	 4262825.00	 1823508.25	 1400497.75	       0.12	       0.07	       0.10	
 2017/11/09	   12.20	   12.57	   12.15	   12.33	      229528896	      11.81	      11.66	      11.55	      11.27	           	       0.00	 2295289.00	 2161704.50	 1537127.00	       0.17	       0.09	       0.16	
 2017/11/10	   12.37	   12.55	   12.15	   12.30	      175755200	      11.99	      11.74	      11.59	      11.31	           	       0.00	 1757552.00	 2364546.25	 1576873.63	       0.20	       0.11	       0.18	
 2017/11/13	   12.35	   13.10	   12.35	   12.90	      256690592	      12.32	      11.87	      11.66	      11.35	           	       0.00	 2566906.00	 2671947.00	 1705739.63	       0.27	       0.14	       0.26	
 2017/11/14	   12.95	   13.26	   12.81	   12.95	      178030208	      12.52	      12.01	      11.73	      11.40	           	       0.00	 1780302.13	 2532574.75	 1821020.75	       0.33	       0.18	       0.30	
 2017/11/15	   12.90	   13.13	   12.77	   12.90	      126305200	      12.68	      12.16	      11.79	      11.44	           	       0.00	 1263052.00	 1932620.25	 1878064.25	       0.37	       0.22	       0.30	
 2017/11/16	   12.90	   13.12	   12.67	   13.10	      120081400	      12.83	      12.32	      11.87	      11.49	           	       0.00	 1200814.00	 1713725.25	 1937714.88	       0.41	       0.26	       0.31	
 2017/11/17	   13.17	   13.46	   13.03	   13.18	      206414896	      13.01	      12.50	      11.95	      11.53	           	       0.00	 2064149.00	 1775044.63	 2069795.38	       0.45	       0.30	       0.30	
 2017/11/20	   13.13	   14.25	   13.05	   14.25	      284392512	      13.28	      12.80	      12.10	      11.59	           	       0.00	 2843925.00	 1830448.38	 2251197.75	       0.55	       0.35	       0.41	
 2017/11/21	   14.07	   14.79	   14.01	   14.45	      249532704	      13.58	      13.05	      12.26	      11.66	           	       0.00	 2495327.00	 1973453.38	 2253014.00	       0.65	       0.41	       0.48	
 2017/11/22	   14.48	   15.24	   14.48	   15.10	      257023104	      14.02	      13.35	      12.45	      11.73	           	       0.00	 2570231.00	 2234889.25	 2083754.75	       0.76	       0.48	       0.57	
 2017/11/23	   15.15	   15.24	   14.07	   14.35	      242914208	      14.27	      13.55	      12.61	      11.78	           	       0.00	 2429142.00	 2480554.75	 2097140.00	       0.79	       0.54	       0.50	
 2017/11/24	   14.29	   14.59	   13.78	   14.56	      263018896	      14.54	      13.77	      12.76	      11.84	           	       0.00	 2630189.00	 2593762.75	 2184403.75	       0.81	       0.59	       0.44	
 2017/11/27	   14.30	   14.30	   13.75	   13.93	      206408496	      14.48	      13.88	      12.88	      11.89	           	       0.00	 2064085.00	 2437794.75	 2134121.50	       0.78	       0.63	       0.29	
 2017/11/28	   13.85	   13.85	   13.40	   13.70	      176643200	      14.33	      13.95	      12.98	      11.92	           	       0.00	 1766432.00	 2292015.75	 2132734.50	       0.72	       0.65	       0.14	
 2017/11/29	   13.73	   13.93	   13.47	   13.82	      156409408	      14.07	      14.04	      13.10	      11.96	           	       0.00	 1564094.13	 2090788.38	 2162838.75	       0.67	       0.65	       0.04	
 2017/11/30	   13.70	   13.73	   13.26	   13.38	      137963504	      13.88	      14.07	      13.20	      11.99	           	       0.00	 1379635.00	 1880887.00	 2180721.00	       0.60	       0.64	      -0.09	
 2017/12/01	   13.40	   13.48	   12.96	   13.00	      178493296	      13.57	      14.05	      13.28	      12.02	           	       0.00	 1784933.00	 1711835.88	 2152799.25	       0.50	       0.61	      -0.23	
 2017/12/04	   13.05	   13.37	   13.00	   13.30	      145402304	      13.44	      13.96	      13.38	      12.05	           	       0.00	 1454023.00	 1589823.38	 2013809.13	       0.44	       0.58	      -0.28	
 2017/12/05	   13.15	   13.49	   13.10	   13.30	      172368096	      13.36	      13.84	      13.45	      12.08	           	       0.00	 1723681.00	 1581273.25	 1936644.50	       0.39	       0.54	      -0.30	
 2017/12/06	   13.26	   13.27	   12.79	   13.08	      161984400	      13.21	      13.64	      13.49	      12.10	           	       0.00	 1619844.00	 1592423.25	 1841605.75	       0.33	       0.50	      -0.34	
 2017/12/07	   13.05	   13.14	   12.75	   12.83	      118195696	      13.10	      13.49	      13.52	      12.12	           	       0.00	 1181957.00	 1552887.63	 1716887.25	       0.26	       0.45	      -0.39	
 2017/12/08	   12.89	   13.09	   12.75	   13.09	      135131504	      13.12	      13.34	      13.56	      12.15	           	       0.00	 1351315.00	 1466164.00	 1588999.88	       0.22	       0.40	      -0.37	
 2017/12/11	   13.08	   13.57	   12.88	   13.50	      226195200	      13.16	      13.30	      13.59	      12.19	           	       0.00	 2261952.00	 1627749.75	 1608786.63	       0.22	       0.37	      -0.30	
 2017/12/12	   13.40	   13.48	   13.02	   13.02	      174340496	      13.10	      13.23	      13.59	      12.21	           	       0.00	 1743405.00	 1631694.63	 1606483.88	       0.18	       0.33	      -0.30	
 2017/12/13	   13.00	   13.20	   12.88	   13.13	      128924800	      13.11	      13.16	      13.60	      12.24	           	       0.00	 1289248.00	 1565575.38	 1578999.25	       0.15	       0.29	      -0.28	
 2017/12/14	   13.15	   13.31	   12.91	   13.00	      100199696	      13.15	      13.13	      13.60	      12.27	           	       0.00	 1001996.94	 1529583.38	 1541235.50	       0.12	       0.26	      -0.28	
 2017/12/15	   12.90	   12.93	   12.67	   12.72	      109995200	      13.07	      13.10	      13.58	      12.29	           	       0.00	 1099952.00	 1479310.75	 1472737.38	       0.07	       0.22	      -0.30	
 2017/12/18	   12.73	   12.91	   12.64	   12.75	       80546400	      12.92	      13.04	      13.50	      12.32	           	       0.00	  805464.00	 1188013.25	 1407881.50	       0.04	       0.18	      -0.30	
 2017/12/19	   12.79	   13.32	   12.74	   13.28	      239794208	      12.98	      13.04	      13.44	      12.35	           	       0.00	 2397942.00	 1318920.63	 1475307.63	       0.05	       0.16	      -0.22	
 2017/12/20	   13.20	   13.31	   13.13	   13.26	      110624496	      13.00	      13.06	      13.35	      12.38	           	       0.00	 1106245.00	 1282320.00	 1423947.75	       0.06	       0.14	      -0.16	
 2017/12/21	   13.18	   13.68	   13.16	   13.54	      148520304	      13.11	      13.13	      13.31	      12.42	           	       0.00	 1485203.00	 1378961.25	 1454272.25	       0.08	       0.13	      -0.08	
 2017/12/22	   13.50	   13.63	   13.45	   13.52	       74290000	      13.27	      13.17	      13.26	      12.45	           	       0.00	  742900.00	 1307550.75	 1393430.75	       0.10	       0.12	      -0.04	
 2017/12/25	   13.52	   13.86	   13.16	   13.25	      158556704	      13.37	      13.15	      13.22	      12.49	           	       0.00	 1585567.00	 1463571.38	 1325792.25	       0.10	       0.12	      -0.04	
 2017/12/26	   13.26	   13.69	   13.19	   13.66	      112368800	      13.45	      13.21	      13.22	      12.53	           	       0.00	 1123688.00	 1208720.63	 1263820.63	       0.12	       0.12	       0.01	
 2017/12/27	   13.58	   13.78	   13.19	   13.29	      136656608	      13.45	      13.23	      13.19	      12.57	           	       0.00	 1366566.13	 1260784.88	 1271552.38	       0.11	       0.12	      -0.01	
 2017/12/28	   13.28	   13.46	   13.02	   13.21	      155303008	      13.39	      13.25	      13.19	      12.61	           	       0.00	 1553030.13	 1274350.25	 1326655.75	       0.10	       0.11	      -0.03	
 2017/12/29	   13.21	   13.43	   13.10	   13.30	       98291504	      13.34	      13.31	      13.20	      12.64	           	       0.00	  982915.06	 1322353.25	 1314952.00	       0.09	       0.11	      -0.04	
 2018/01/02	   13.35	   13.93	   13.32	   13.70	      208159200	      13.43	      13.40	      13.22	      12.68	           	       0.00	 2081592.00	 1421558.25	 1442564.88	       0.12	       0.11	       0.01	
 2018/01/03	   13.73	   13.86	   13.20	   13.33	      296249792	      13.37	      13.41	      13.22	      12.72	           	       0.00	 2962498.00	 1789320.25	 1499020.38	       0.10	       0.11	      -0.01	
 2018/01/04	   13.32	   13.37	   13.13	   13.25	      185450896	      13.36	      13.40	      13.23	      12.74	           	       0.00	 1854509.00	 1886908.88	 1573846.88	       0.09	       0.10	      -0.03	
 2018/01/05	   13.21	   13.35	   13.15	   13.30	      121031200	      13.38	      13.38	      13.26	      12.77	           	       0.00	 1210312.00	 1818365.25	 1546357.75	       0.08	       0.10	      -0.04	
 2018/01/08	   13.25	   13.29	   12.86	   12.96	      215862000	      13.31	      13.32	      13.25	      12.80	           	       0.00	 2158620.00	 2053506.25	 1687929.75	       0.04	       0.09	      -0.09	
 2018/01/09	   12.96	   13.20	   12.92	   13.08	      134434496	      13.18	      13.31	      13.23	      12.83	           	       0.00	 1344345.00	 1906056.75	 1663807.50	       0.02	       0.08	      -0.10	
 2018/01/10	   13.04	   13.49	   12.92	   13.47	      240327696	      13.21	      13.29	      13.25	      12.86	           	       0.00	 2403277.00	 1794212.63	 1791766.38	       0.04	       0.07	      -0.06	
 2018/01/11	   13.41	   13.59	   13.27	   13.40	      144387696	      13.24	      13.30	      13.26	      12.89	           	       0.00	 1443877.00	 1712086.25	 1799497.50	       0.05	       0.06	      -0.03	
 2018/01/12	   13.45	   13.68	   13.41	   13.55	      135399104	      13.29	      13.33	      13.29	      12.92	           	       0.00	 1353991.00	 1740822.00	 1779593.63	       0.06	       0.06	      -0.00	
 2018/01/15	   13.51	   14.33	   13.50	   14.20	      312239392	      13.54	      13.42	      13.36	      12.96	           	       0.00	 3122394.00	 1933576.75	 1993541.50	       0.13	       0.08	       0.10	
 2018/01/16	   14.17	   14.38	   14.02	   14.20	      244454896	      13.76	      13.47	      13.44	      13.01	           	       0.00	 2444549.00	 2153617.50	 2029837.25	       0.18	       0.10	       0.16	
 2018/01/17	   14.33	   14.80	   14.20	   14.23	      265629408	      13.92	      13.56	      13.48	      13.06	           	       0.00	 2656294.00	 2204221.00	 1999216.75	       0.22	       0.12	       0.19	
 2018/01/18	   14.40	   14.72	   14.28	   14.72	      214802592	      14.18	      13.71	      13.56	      13.12	           	       0.00	 2148026.00	 2345050.75	 2028568.50	       0.28	       0.15	       0.26	
 2018/01/19	   14.80	   15.13	   14.68	   14.80	      257114592	      14.43	      13.86	      13.62	      13.18	           	       0.00	 2571146.00	 2588481.75	 2164652.00	       0.34	       0.19	       0.30	
 2018/01/22	   14.60	   14.94	   14.43	   14.44	      207386704	      14.48	      14.01	      13.67	      13.23	           	       0.00	 2073867.00	 2378776.50	 2156176.50	       0.35	       0.22	       0.25	
 2018/01/23	   14.36	   14.90	   14.33	   14.65	      238879104	      14.57	      14.17	      13.74	      13.28	           	       0.00	 2388791.00	 2367624.75	 2260621.25	       0.37	       0.25	       0.24	
 2018/01/24	   14.66	   15.08	   14.50	   14.64	      259129200	      14.65	      14.28	      13.79	      13.33	           	       0.00	 2591292.00	 2354624.50	 2279422.75	       0.38	       0.28	       0.21	
 2018/01/25	   14.45	   14.47	   14.00	   14.20	      236998400	      14.55	      14.36	      13.83	      13.38	           	       0.00	 2369984.00	 2399016.00	 2372033.50	       0.35	       0.29	       0.12	
 2018/01/26	   14.18	   14.34	   14.02	   14.05	      203298800	      14.40	      14.41	      13.87	      13.42	           	       0.00	 2032988.00	 2291384.50	 2439933.00	       0.31	       0.30	       0.03	
 2018/01/29	   14.05	   14.25	   13.60	   13.74	      209054592	      14.26	      14.37	      13.90	      13.46	           	       0.00	 2090545.88	 2294720.25	 2336748.25	       0.25	       0.29	      -0.07	
 2018/01/30	   13.70	   13.84	   13.55	   13.65	      109473904	      14.06	      14.31	      13.89	      13.50	           	       0.00	 1094739.00	 2035909.75	 2201767.25	       0.20	       0.27	      -0.15	
 2018/01/31	   13.60	   14.05	   13.53	   14.05	      174772896	      13.94	      14.29	      13.93	      13.53	           	       0.00	 1747729.00	 1867197.13	 2110910.75	       0.18	       0.25	      -0.14	
 2018/02/01	   13.95	   14.30	   13.84	   14.03	      200561408	      13.90	      14.23	      13.97	      13.56	           	       0.00	 2005614.13	 1794323.25	 2096669.63	       0.17	       0.23	      -0.14	
 2018/02/02	   13.91	   14.10	   13.63	   14.05	      117651200	      13.90	      14.15	      14.01	      13.59	           	       0.00	 1176512.00	 1623028.00	 1957206.25	       0.15	       0.22	      -0.13	
 2018/02/05	   13.80	   14.57	   13.73	   14.55	      233199696	      14.07	      14.16	      14.09	      13.63	           	       0.00	 2331997.00	 1671318.25	 1983019.25	       0.18	       0.21	      -0.06	
 2018/02/06	   14.23	   14.33	   13.93	   14.00	      258287200	      14.14	      14.10	      14.13	      13.65	           	       0.00	 2582872.00	 1968944.88	 2002427.25	       0.16	       0.20	      -0.08	
 2018/02/07	   14.22	   14.30	   12.76	   12.92	      334571584	      13.91	      13.92	      14.10	      13.65	           	       0.00	 3345715.75	 2288542.25	 2077869.63	       0.05	       0.17	      -0.24	
 2018/02/08	   12.83	   12.92	   12.53	   12.54	      213781504	      13.61	      13.76	      14.06	      13.64	           	       0.00	 2137815.00	 2314982.25	 2054652.75	      -0.06	       0.12	      -0.37	
 2018/02/09	   12.08	   12.08	   11.38	   11.69	      282494912	      13.14	      13.52	      13.97	      13.62	           	       0.00	 2824949.00	 2644669.75	 2133849.00	      -0.22	       0.06	      -0.55	
 2018/02/12	   11.78	   11.84	   11.56	   11.72	      122878200	      12.57	      13.32	      13.84	      13.59	           	       0.00	 1228782.00	 2424026.75	 2047672.50	      -0.34	      -0.02	      -0.63	
 2018/02/13	   11.87	   12.21	   11.84	   11.94	      129817800	      12.16	      13.15	      13.73	      13.56	           	       0.00	 1298178.00	 2167088.00	 2068016.38	      -0.41	      -0.10	      -0.62	
 2018/02/14	   11.96	   12.03	   11.76	   12.00	       86419000	      11.98	      12.94	      13.62	      13.52	           	       0.00	  864190.00	 1670782.75	 1979662.50	      -0.45	      -0.17	      -0.57	
 2018/02/22	   12.25	   12.53	   12.25	   12.46	      126840600	      11.96	      12.79	      13.51	      13.47	           	       0.00	 1268406.00	 1496901.00	 1905941.63	      -0.45	      -0.23	      -0.44	
 2018/02/23	   12.58	   12.79	   12.45	   12.61	      101366304	      12.15	      12.64	      13.40	      13.44	           	       0.00	 1013663.06	 1134643.75	 1889656.75	      -0.43	      -0.27	      -0.32	
 2018/02/26	   12.77	   12.85	   12.45	   12.63	      104575800	      12.33	      12.45	      13.31	      13.41	           	       0.00	 1045758.00	 1098039.00	 1761032.88	      -0.40	      -0.29	      -0.22	
 2018/02/27	   12.64	   12.70	   12.19	   12.28	      128586896	      12.40	      12.28	      13.19	      13.38	           	       0.00	 1285869.00	 1095577.25	 1631332.63	      -0.41	      -0.32	      -0.18	
 2018/02/28	   12.10	   12.19	   11.93	   12.05	      121414496	      12.41	      12.19	      13.06	      13.36	           	       0.00	 1214145.00	 1165568.25	 1418175.50	      -0.43	      -0.34	      -0.18	
 2018/03/01	   11.92	   12.15	   11.90	   12.04	       88695696	      12.32	      12.14	      12.95	      13.33	           	       0.00	  886956.94	 1089278.38	 1293089.75	      -0.44	      -0.36	      -0.16	
 2018/03/02	   11.92	   12.04	   11.85	   11.95	       66312400	      12.19	      12.17	      12.85	      13.30	           	       0.00	  663124.00	 1019170.56	 1076907.25	      -0.45	      -0.37	      -0.14	
 2018/03/05	   11.93	   12.08	   11.80	   11.86	       75418304	      12.04	      12.18	      12.75	      13.28	           	       0.00	  754183.06	  960855.63	 1029447.31	      -0.45	      -0.39	      -0.13	
 2018/03/06	   11.95	   12.11	   11.77	   12.10	      115016200	      12.00	      12.20	      12.67	      13.26	           	       0.00	 1150162.00	  933714.19	 1014645.69	      -0.44	      -0.40	      -0.08	
 2018/03/07	   12.15	   12.34	   12.04	   12.05	      142756992	      12.00	      12.20	      12.57	      13.24	           	       0.00	 1427569.88	  976399.19	 1070983.75	      -0.42	      -0.41	      -0.04	
 2018/03/08	   12.05	   12.15	   11.95	   12.11	       68975504	      12.01	      12.17	      12.48	      13.23	           	       0.00	  689755.06	  936958.81	 1013118.63	      -0.40	      -0.40	       0.00	
 2018/03/09	   12.15	   12.20	   11.98	   12.09	       94387600	      12.04	      12.12	      12.38	      13.21	           	       0.00	  943876.00	  993109.19	 1006139.88	      -0.38	      -0.40	       0.03	
 2018/03/12	   12.15	   12.17	   11.95	   12.03	      126870096	      12.08	      12.06	      12.25	      13.20	           	       0.00	 1268701.00	 1096012.75	 1028434.19	      -0.37	      -0.39	       0.05	
 2018/03/13	   12.04	   12.22	   12.00	   12.02	      108226704	      12.06	      12.03	      12.15	      13.17	           	       0.00	 1082267.00	 1082433.75	 1008074.00	      -0.36	      -0.39	       0.06	
 2018/03/14	   11.98	   12.00	   11.83	   11.92	       63559400	      12.03	      12.02	      12.10	      13.15	           	       0.00	  635594.00	  924038.63	  950218.88	      -0.35	      -0.38	       0.06	
 2018/03/15	   11.79	   11.85	   11.66	   11.71	      115569400	      11.95	      11.98	      12.06	      13.13	           	       0.00	 1155694.00	 1017226.38	  977092.63	      -0.35	      -0.37	       0.04	
 2018/03/16	   11.72	   11.85	   11.64	   11.64	       96298304	      11.86	      11.95	      12.06	      13.11	           	       0.00	  962983.06	 1021047.81	 1007078.50	      -0.36	      -0.37	       0.02	
 2018/03/19	   11.66	   11.84	   11.61	   11.83	       80853800	      11.82	      11.95	      12.07	      13.09	           	       0.00	  808538.00	  929015.19	 1012514.00	      -0.35	      -0.37	       0.04	
 2018/03/20	   11.74	   11.88	   11.72	   11.82	       77615000	      11.78	      11.92	      12.06	      13.08	           	       0.00	  776150.00	  867791.81	  975112.81	      -0.33	      -0.36	       0.05	
 2018/03/21	   11.95	   12.12	   11.85	   11.90	      144510896	      11.78	      11.91	      12.06	      13.05	           	       0.00	 1445109.00	 1029694.81	  976866.69	      -0.31	      -0.35	       0.08	
 2018/03/22	   11.90	   11.97	   11.62	   11.66	       98427800	      11.77	      11.86	      12.02	      13.03	           	       0.00	  984278.00	  995411.63	 1006319.00	      -0.31	      -0.34	       0.06	
 2018/03/23	   11.25	   11.35	   10.92	   11.34	      182568992	      11.71	      11.79	      11.95	      12.99	           	       0.00	 1825689.88	 1167953.00	 1094500.38	      -0.33	      -0.34	       0.02	
 2018/03/26	   11.15	   11.20	   10.86	   10.93	      138359808	      11.53	      11.68	      11.87	      12.95	           	       0.00	 1383598.13	 1282965.00	 1105990.13	      -0.38	      -0.35	      -0.06	
 2018/03/27	   11.10	   11.17	   10.86	   10.94	      110393296	      11.35	      11.57	      11.80	      12.91	           	       0.00	 1103933.00	 1348521.63	 1108156.75	      -0.41	      -0.36	      -0.10	
 2018/03/28	   10.85	   11.14	   10.79	   10.89	      109902304	      11.15	      11.47	      11.74	      12.86	           	       0.00	 1099023.00	 1279304.38	 1154499.63	      -0.43	      -0.37	      -0.11	
 2018/03/29	   10.92	   11.17	   10.55	   11.05	      133060200	      11.03	      11.40	      11.69	      12.82	           	       0.00	 1330602.00	 1348569.25	 1171990.38	      -0.43	      -0.39	      -0.09	
 2018/03/30	   11.04	   11.05	   10.88	   10.90	       75217296	      10.94	      11.33	      11.64	      12.79	           	       0.00	  752172.94	 1133865.75	 1150909.38	      -0.44	      -0.40	      -0.09	
 2018/04/02	   10.87	   10.99	   10.70	   10.71	      110931600	      10.90	      11.21	      11.58	      12.74	           	       0.00	 1109316.00	 1079009.38	 1180987.25	      -0.46	      -0.41	      -0.09	
 2018/04/03	   10.60	   10.67	   10.51	   10.56	       89074496	      10.82	      11.09	      11.51	      12.69	           	       0.00	  890744.94	 1036371.75	 1192446.75	      -0.47	      -0.42	      -0.11	
 2018/04/04	   10.68	   11.01	   10.60	   10.87	      160248800	      10.82	      10.98	      11.45	      12.65	           	       0.00	 1602488.00	 1137064.75	 1208184.63	      -0.46	      -0.43	      -0.06	
 2018/04/09	   10.80	   11.10	   10.73	   11.02	      107479504	      10.81	      10.92	      11.39	      12.61	           	       0.00	 1074795.00	 1085903.38	 1217236.25	      -0.43	      -0.43	      -0.00	
 2018/04/10	   11.02	   11.46	   10.97	   11.42	      139095008	      10.92	      10.93	      11.36	      12.58	           	       0.00	 1390950.13	 1213658.75	 1173762.25	      -0.37	      -0.42	       0.09	
 2018/04/11	   11.39	   11.92	   11.38	   11.83	      209596992	      11.14	      11.02	      11.35	      12.56	           	       0.00	 2095969.88	 1410989.63	 1244999.50	      -0.29	      -0.39	       0.21	
 2018/04/12	   11.80	   11.83	   11.42	   11.52	      117312800	      11.33	      11.08	      11.32	      12.54	           	       0.00	 1173128.00	 1467466.25	 1251919.00	      -0.24	      -0.36	       0.24	
 2018/04/13	   11.64	   11.79	   11.45	   11.57	      130025504	      11.47	      11.15	      11.31	      12.50	           	       0.00	 1300255.00	 1407019.63	 1272042.25	      -0.20	      -0.33	       0.26	
 2018/04/16	   11.47	   11.47	   11.03	   11.10	      142707200	      11.49	      11.15	      11.27	      12.47	           	       0.00	 1427072.00	 1477475.00	 1281689.25	      -0.21	      -0.31	       0.20	
 2018/04/17	   11.12	   11.45	   11.11	   11.21	      130189104	      11.45	      11.18	      11.25	      12.43	           	       0.00	 1301891.00	 1459663.13	 1336661.00	      -0.20	      -0.28	       0.17	
 2018/04/18	   11.45	   11.61	   11.28	   11.50	      147584496	      11.38	      11.26	      11.24	      12.38	           	       0.00	 1475845.00	 1335638.25	 1373313.88	      -0.16	      -0.26	       0.19	
 2018/04/19	   11.52	   11.69	   11.42	   11.47	       84913104	      11.37	      11.35	      11.22	      12.34	           	       0.00	  849131.06	 1270838.75	 1369152.50	      -0.14	      -0.24	       0.19	
 2018/04/20	   11.51	   11.58	   11.20	   11.35	       95869000	      11.33	      11.40	      11.19	      12.29	           	       0.00	  958690.00	 1202525.75	 1304772.75	      -0.13	      -0.21	       0.17	
 2018/04/23	   11.30	   11.61	   11.26	   11.57	      107028896	      11.42	      11.45	      11.19	      12.24	           	       0.00	 1070289.00	 1131169.25	 1304322.13	      -0.10	      -0.19	       0.18	
 2018/04/24	   11.63	   11.94	   11.58	   11.86	      146109792	      11.55	      11.50	      11.21	      12.19	           	       0.00	 1461097.88	 1163010.63	 1311336.88	      -0.05	      -0.16	       0.22	
 2018/04/25	   11.76	   11.81	   11.63	   11.68	       73028600	      11.59	      11.48	      11.25	      12.14	           	       0.00	  730286.00	 1013898.81	 1174768.50	      -0.03	      -0.14	       0.21	
 2018/04/26	   11.66	   11.69	   11.31	   11.42	       87423504	      11.58	      11.47	      11.27	      12.09	           	       0.00	  874235.06	 1018919.56	 1144879.25	      -0.03	      -0.12	       0.17	
 2018/04/27	   11.49	   11.51	   10.63	   10.85	      270979488	      11.48	      11.40	      11.27	      12.02	           	       0.00	 2709795.00	 1369140.63	 1285833.25	      -0.08	      -0.11	       0.06	
 2018/05/02	   10.97	   11.03	   10.80	   10.88	      119052304	      11.34	      11.38	      11.26	      11.97	           	       0.00	 1190523.00	 1393187.38	 1262178.25	      -0.12	      -0.11	      -0.01	
 2018/05/03	   10.86	   10.88	   10.57	   10.75	      128135504	      11.12	      11.33	      11.26	      11.91	           	       0.00	 1281355.00	 1357238.75	 1260124.75	      -0.15	      -0.12	      -0.06	
 2018/05/04	   10.73	   10.83	   10.66	   10.68	       71050896	      10.92	      11.25	      11.26	      11.86	           	       0.00	  710508.94	 1353283.38	 1183591.13	      -0.18	      -0.13	      -0.10	
 2018/05/07	   10.70	   10.83	   10.64	   10.81	       97430896	      10.79	      11.19	      11.27	      11.82	           	       0.00	  974308.94	 1373298.13	 1196108.88	      -0.19	      -0.14	      -0.10	
 2018/05/08	   10.83	   11.15	   10.80	   11.01	      137330496	      10.83	      11.15	      11.28	      11.76	           	       0.00	 1373305.00	 1106000.13	 1237570.38	      -0.19	      -0.15	      -0.07	
 2018/05/09	   10.98	   11.03	   10.88	   10.97	       62765600	      10.84	      11.09	      11.27	      11.71	           	       0.00	  627656.00	  993426.75	 1193307.13	      -0.18	      -0.16	      -0.04	
 2018/05/10	   11.03	   11.09	   10.91	   11.01	       55273500	      10.90	      11.01	      11.25	      11.66	           	       0.00	  552735.00	  847702.75	 1102470.75	      -0.17	      -0.16	      -0.02	
 2018/05/11	   11.04	   11.13	   10.96	   11.01	       77236896	      10.96	      10.94	      11.21	      11.60	           	       0.00	  772368.94	  860074.75	 1106679.13	      -0.16	      -0.16	      -0.00	
 2018/05/14	   11.09	   11.23	   11.03	   11.18	      103929696	      11.04	      10.91	      11.19	      11.56	           	       0.00	 1039296.94	  873072.38	 1123185.25	      -0.14	      -0.16	       0.04	
 2018/05/15	   11.18	   11.19	   11.02	   11.12	       66926100	      11.06	      10.94	      11.17	      11.53	           	       0.00	  669261.00	  732263.56	  919131.88	      -0.12	      -0.15	       0.05	
 2018/05/16	   11.07	   11.07	   10.89	   10.90	       71436200	      11.04	      10.94	      11.16	      11.50	           	       0.00	  714362.00	  749604.75	  871515.75	      -0.13	      -0.15	       0.03	
 2018/05/17	   10.91	   10.94	   10.78	   10.82	       58649400	      11.01	      10.95	      11.14	      11.49	           	       0.00	  586494.00	  756356.56	  802029.69	      -0.14	      -0.14	       0.01	
 2018/05/18	   10.81	   10.97	   10.76	   10.96	       57838400	      11.00	      10.98	      11.11	      11.47	           	       0.00	  578384.00	  717559.56	  788817.19	      -0.13	      -0.14	       0.02	
 2018/05/21	   11.07	   11.11	   10.93	   10.95	       76353296	      10.95	      10.99	      11.09	      11.46	           	       0.00	  763532.94	  662406.81	  767739.56	      -0.13	      -0.14	       0.03	
 2018/05/22	   10.95	   10.98	   10.79	   10.86	       58987100	      10.90	      10.98	      11.06	      11.44	           	       0.00	  589871.00	  646528.81	  689396.19	      -0.13	      -0.14	       0.02	
 2018/05/23	   10.82	   10.82	   10.62	   10.65	       99101600	      10.85	      10.95	      11.02	      11.41	           	       0.00	  991016.00	  701859.56	  725732.19	      -0.14	      -0.14	      -0.01	
 2018/05/24	   10.66	   10.68	   10.58	   10.61	       68815200	      10.81	      10.91	      10.96	      11.37	           	       0.00	  688152.00	  722191.19	  739273.88	      -0.16	      -0.14	      -0.03	
 2018/05/25	   10.61	   10.67	   10.55	   10.59	       59333500	      10.73	      10.86	      10.90	      11.34	           	       0.00	  593335.00	  725181.38	  721370.50	      -0.17	      -0.15	      -0.04	
 2018/05/28	   10.58	   10.66	   10.51	   10.59	       56940000	      10.66	      10.81	      10.86	      11.31	           	       0.00	  569400.00	  686354.81	  674380.81	      -0.18	      -0.15	      -0.05	
 2018/05/29	   10.58	   10.63	   10.35	   10.38	       88949400	      10.56	      10.73	      10.84	      11.28	           	       0.00	  889494.00	  746279.38	  696404.13	      -0.20	      -0.16	      -0.07	
 2018/05/30	   10.29	   10.29	   10.05	   10.08	      112444704	      10.45	      10.65	      10.80	      11.25	           	       0.00	 1124447.00	  772965.63	  737412.63	      -0.23	      -0.18	      -0.12	
 2018/05/31	   10.11	   10.19	   10.02	   10.18	       98736000	      10.36	      10.59	      10.77	      11.22	           	       0.00	  987360.00	  832807.19	  777499.19	      -0.25	      -0.19	      -0.12	
 2018/06/01	   10.15	   10.29	   10.07	   10.19	       59721100	      10.28	      10.51	      10.74	      11.19	           	       0.00	  597211.00	  833582.38	  779381.88	      -0.26	      -0.21	      -0.12	
 2018/06/04	   10.23	   10.31	   10.15	   10.27	       59303800	      10.22	      10.44	      10.72	      11.16	           	       0.00	  593038.00	  838310.00	  762332.38	      -0.26	      -0.22	      -0.09	
 2018/06/05	   10.29	   10.30	   10.11	   10.26	       65654000	      10.20	      10.38	      10.68	      11.13	           	       0.00	  656540.00	  791719.19	  768999.31	      -0.26	      -0.23	      -0.07	
 2018/06/06	   10.25	   10.26	   10.10	   10.14	       71274304	      10.21	      10.33	      10.64	      11.10	           	       0.00	  712743.06	  709378.44	  741172.00	      -0.26	      -0.23	      -0.06	
 2018/06/07	   10.20	   10.46	   10.18	   10.37	      126263824	      10.25	      10.31	      10.61	      11.07	           	       0.00	 1262638.25	  764434.06	  798620.63	      -0.25	      -0.24	      -0.02	
 2018/06/08	   10.33	   10.33	   10.06	   10.12	      109937984	      10.23	      10.26	      10.56	      11.04	           	       0.00	 1099379.88	  864867.81	  849225.13	      -0.25	      -0.24	      -0.02	
 2018/06/11	   10.06	   10.13	   10.00	   10.04	       72137496	      10.19	      10.20	      10.50	      11.01	           	       0.00	  721374.94	  890535.25	  864422.63	      -0.26	      -0.24	      -0.03	
 2018/06/12	   10.03	   10.08	    9.95	   10.06	       91330072	      10.15	      10.17	      10.45	      10.98	           	       0.00	  913300.75	  941887.38	  866803.31	      -0.26	      -0.24	      -0.02	
 2018/06/13	   10.04	   10.06	    9.95	    9.95	       53058432	      10.11	      10.16	      10.40	      10.95	           	       0.00	  530584.31	  905455.63	  807417.00	      -0.26	      -0.25	      -0.03	
 2018/06/14	    9.95	   10.15	    9.92	   10.07	       86639200	      10.05	      10.15	      10.37	      10.92	           	       0.00	  866392.00	  826206.38	  795320.25	      -0.25	      -0.25	      -0.01	
 2018/06/15	   10.08	   10.29	   10.06	   10.17	      124870784	      10.06	      10.15	      10.33	      10.89	           	       0.00	 1248707.88	  856072.00	  860469.88	      -0.24	      -0.25	       0.02	
 2018/06/19	   10.05	   10.15	    9.82	    9.87	      156587440	      10.02	      10.10	      10.27	      10.86	           	       0.00	 1565874.38	 1024971.88	  957753.56	      -0.24	      -0.25	       0.00	
 2018/06/20	    9.87	    9.95	    9.76	    9.91	       76363728	       9.99	      10.07	      10.23	      10.83	           	       0.00	  763637.25	  995039.19	  968463.25	      -0.24	      -0.25	       0.00	
 2018/06/21	    9.93	   10.04	    9.86	    9.86	       84007080	       9.98	      10.04	      10.19	      10.80	           	       0.00	  840070.81	 1056936.50	  981196.06	      -0.25	      -0.25	      -0.00	
 2018/06/22	    9.80	    9.87	    9.77	    9.85	       65781852	       9.93	       9.99	      10.15	      10.77	           	       0.00	  657818.50	 1015221.75	  920714.06	      -0.25	      -0.25	       0.00	
 2018/06/25	    9.91	    9.92	    9.38	    9.46	      119521264	       9.79	       9.92	      10.09	      10.75	           	       0.00	 1195212.63	 1004522.69	  930297.38	      -0.27	      -0.25	      -0.04	
 2018/06/26	    9.39	    9.44	    9.09	    9.36	      112415696	       9.69	       9.86	      10.03	      10.72	           	       0.00	 1124157.00	  916179.25	  970575.56	      -0.30	      -0.26	      -0.08	
 2018/06/27	    9.31	    9.40	    9.03	    9.09	      104514272	       9.52	       9.76	       9.97	      10.69	           	       0.00	 1045142.75	  972480.31	  983759.75	      -0.34	      -0.28	      -0.12	
 2018/06/28	    8.95	    9.08	    8.87	    8.92	      111076400	       9.34	       9.66	       9.91	      10.66	           	       0.00	 1110764.00	 1026619.00	 1041777.75	      -0.38	      -0.30	      -0.16	
 2018/06/29	    9.01	    9.13	    8.96	    9.09	       67529968	       9.18	       9.56	       9.85	      10.63	           	       0.00	  675299.69	 1030115.19	 1022668.50	      -0.39	      -0.32	      -0.15	
 2018/07/02	    9.05	    9.05	    8.55	    8.61	      131552016	       9.01	       9.40	       9.77	      10.59	           	       0.00	 1315520.13	 1054176.75	 1029349.69	      -0.44	      -0.34	      -0.19	
 2018/07/03	    8.69	    8.70	    8.45	    8.67	      127483856	       8.88	       9.28	       9.69	      10.56	           	       0.00	 1274838.50	 1084313.00	 1000246.13	      -0.46	      -0.36	      -0.19	
 2018/07/04	    8.63	    8.75	    8.61	    8.61	       71115336	       8.78	       9.15	       9.61	      10.52	           	       0.00	  711153.38	 1017515.13	  994997.75	      -0.48	      -0.39	      -0.19	
 2018/07/05	    8.62	    8.73	    8.55	    8.60	       83576880	       8.72	       9.03	       9.53	      10.48	           	       0.00	  835768.81	  962516.13	  994567.56	      -0.49	      -0.41	      -0.17	
 2018/07/06	    8.61	    8.78	    8.45	    8.66	       98828272	       8.63	       8.91	       9.45	      10.44	           	       0.00	  988282.75	 1025112.69	 1027613.94	      -0.49	      -0.42	      -0.13	
 2018/07/09	    8.69	    9.03	    8.68	    9.03	      140995456	       8.71	       8.86	       9.39	      10.39	           	       0.00	 1409954.50	 1043999.56	 1049088.13	      -0.45	      -0.43	      -0.04	
 2018/07/10	    9.02	    9.02	    8.89	    8.98	       89686200	       8.78	       8.83	       9.34	      10.35	           	       0.00	  896862.00	  968404.31	 1026358.63	      -0.42	      -0.43	       0.01	
 2018/07/11	    8.76	    8.83	    8.68	    8.78	       85129672	       8.81	       8.80	       9.28	      10.30	           	       0.00	  851296.75	  996432.94	 1006974.06	      -0.41	      -0.42	       0.03	
 2018/07/12	    8.60	    8.97	    8.58	    8.88	      114049232	       8.87	       8.79	       9.22	      10.26	           	       0.00	 1140492.38	 1057377.63	 1009946.88	      -0.39	      -0.42	       0.06	
 2018/07/13	    8.92	    8.94	    8.82	    8.88	       60337820	       8.91	       8.77	       9.16	      10.22	           	       0.00	  603378.19	  980396.75	 1002754.75	      -0.37	      -0.41	       0.08	
 2018/07/16	    8.85	    8.90	    8.69	    8.73	       68984560	       8.85	       8.78	       9.09	      10.18	           	       0.00	  689845.63	  836375.00	  940187.31	      -0.36	      -0.40	       0.08	
 2018/07/17	    8.74	    8.75	    8.66	    8.72	       37535632	       8.80	       8.79	       9.03	      10.13	           	       0.00	  375356.31	  732073.88	  850239.06	      -0.35	      -0.39	       0.08	
 2018/07/18	    8.75	    8.85	    8.69	    8.70	       52515276	       8.78	       8.80	       8.97	      10.09	           	       0.00	  525152.75	  666845.06	  831639.00	      -0.33	      -0.38	       0.08	
 2018/07/19	    8.75	    8.81	    8.69	    8.73	       46137240	       8.75	       8.81	       8.92	      10.04	           	       0.00	  461372.41	  531021.06	  794199.38	      -0.32	      -0.36	       0.09	
 2018/07/20	    8.73	    9.20	    8.61	    9.11	      175427744	       8.80	       8.85	       8.88	       9.99	           	       0.00	 1754277.50	  761200.94	  870798.81	      -0.27	      -0.35	       0.14	
 2018/07/23	    9.04	    9.45	    9.00	    9.42	      178168832	       8.94	       8.89	       8.88	       9.96	           	       0.00	 1781688.38	  979569.50	  907972.25	      -0.21	      -0.32	       0.22	
 2018/07/24	    9.39	    9.59	    9.33	    9.40	      142589408	       9.07	       8.93	       8.88	       9.92	           	       0.00	 1425894.13	 1189677.00	  960875.44	      -0.16	      -0.29	       0.25	
 2018/07/25	    9.44	    9.47	    9.33	    9.38	       61412280	       9.21	       8.99	       8.89	       9.90	           	       0.00	  614122.81	 1207471.00	  937158.06	      -0.12	      -0.25	       0.27	
 2018/07/26	    9.40	    9.48	    9.21	    9.25	       83335816	       9.31	       9.03	       8.91	       9.87	           	       0.00	  833358.19	 1281868.25	  906444.63	      -0.10	      -0.22	       0.25	
 2018/07/27	    9.30	    9.36	    9.18	    9.25	       51512604	       9.34	       9.07	       8.92	       9.85	           	       0.00	  515126.03	 1034037.88	  897619.44	      -0.08	      -0.19	       0.23	
 2018/07/30	    9.32	    9.49	    9.26	    9.39	       70638600	       9.33	       9.14	       8.96	       9.83	           	       0.00	  706386.00	  818977.44	  899273.44	      -0.05	      -0.17	       0.23	
 2018/07/31	    9.37	    9.49	    9.25	    9.42	       72015080	       9.34	       9.20	       9.00	       9.80	           	       0.00	  720150.81	  677828.75	  933752.88	      -0.03	      -0.14	       0.22	
 2018/08/01	    9.42	    9.50	    9.11	    9.15	       81408168	       9.29	       9.25	       9.02	       9.77	           	       0.00	  814081.69	  717820.56	  962645.81	      -0.03	      -0.12	       0.17	
 2018/08/02	    9.13	    9.15	    8.88	    8.94	       93140128	       9.23	       9.27	       9.04	       9.74	           	       0.00	  931401.25	  737429.13	 1009648.69	      -0.05	      -0.10	       0.11	
 2018/08/03	    8.93	    9.10	    8.91	    8.91	       47654664	       9.16	       9.25	       9.05	       9.70	           	       0.00	  476546.63	  729713.25	  881875.56	      -0.07	      -0.10	       0.06	
 2018/08/06	    8.94	    9.11	    8.89	    8.94	       55401008	       9.07	       9.20	       9.05	       9.67	           	       0.00	  554010.06	  699238.06	  759107.75	      -0.08	      -0.09	       0.03	
 2018/08/07	    8.96	    9.17	    8.88	    9.17	       69042320	       9.02	       9.18	       9.06	       9.63	           	       0.00	  690423.19	  693292.56	  685560.69	      -0.06	      -0.09	       0.04	
 2018/08/08	    9.16	    9.16	    9.04	    9.05	       57895316	       9.00	       9.15	       9.07	       9.60	           	       0.00	  578953.19	  646266.88	  682043.69	      -0.06	      -0.08	       0.04	
 2018/08/09	    9.04	    9.35	    9.02	    9.29	       80678376	       9.07	       9.15	       9.09	       9.57	           	       0.00	  806783.75	  621343.38	  679386.25	      -0.04	      -0.07	       0.06	
 2018/08/10	    9.30	    9.32	    9.16	    9.23	       42416836	       9.14	       9.15	       9.11	       9.55	           	       0.00	  424168.38	  610867.69	  670290.50	      -0.03	      -0.07	       0.07	
 2018/08/13	    9.12	    9.16	    8.90	    9.05	       81849112	       9.16	       9.11	       9.13	       9.51	           	       0.00	  818491.13	  663763.94	  681501.00	      -0.04	      -0.06	       0.05	
 2018/08/14	    9.03	    9.04	    8.94	    9.00	       43024036	       9.12	       9.07	       9.14	       9.48	           	       0.00	  430240.38	  611727.38	  652509.94	      -0.05	      -0.06	       0.03	
 2018/08/15	    9.02	    9.02	    8.75	    8.79	       67044284	       9.07	       9.04	       9.14	       9.45	           	       0.00	  670442.81	  630025.31	  638146.06	      -0.07	      -0.06	      -0.02	
 2018/08/16	    8.73	    8.89	    8.64	    8.78	       63827256	       8.97	       9.02	       9.15	       9.42	           	       0.00	  638272.56	  596323.06	  608833.19	      -0.08	      -0.06	      -0.04	
 2018/08/17	    8.88	    8.94	    8.78	    8.81	       64947656	       8.89	       9.01	       9.13	       9.39	           	       0.00	  649476.56	  641384.69	  626126.19	      -0.09	      -0.07	      -0.05	
 2018/08/20	    8.90	    9.02	    8.87	    9.00	       68132208	       8.88	       9.02	       9.11	       9.36	           	       0.00	  681322.06	  613950.88	  638857.38	      -0.09	      -0.07	      -0.03	
 2018/08/21	    9.02	    9.26	    9.01	    9.23	      126447448	       8.92	       9.02	       9.10	       9.34	           	       0.00	 1264474.50	  780797.69	  696262.50	      -0.06	      -0.07	       0.02	
 2018/08/22	    9.24	    9.34	    9.13	    9.29	       98243400	       9.02	       9.05	       9.10	       9.32	           	       0.00	  982434.00	  843195.94	  736610.63	      -0.04	      -0.06	       0.06	
 2018/08/23	    9.30	    9.42	    9.23	    9.36	       72907464	       9.14	       9.05	       9.10	       9.31	           	       0.00	  729074.63	  861356.38	  728839.69	      -0.01	      -0.05	       0.09	
 2018/08/24	    9.31	   10.28	    9.29	   10.03	      304040832	       9.38	       9.13	       9.14	       9.30	           	       0.00	 3040408.25	 1339542.75	  990463.69	       0.07	      -0.03	       0.19	
 2018/08/27	   10.02	   10.43	    9.97	   10.43	      221842416	       9.67	       9.27	       9.19	       9.31	           	       0.00	 2218424.25	 1646963.13	 1130457.00	       0.15	       0.01	       0.29	
 2018/08/28	   10.34	   10.43	   10.24	   10.29	      128977728	       9.88	       9.40	       9.24	       9.31	           	       0.00	 1289777.25	 1652023.63	 1216410.75	       0.21	       0.05	       0.33	
 2018/08/29	   10.25	   10.33	   10.15	   10.27	       90188352	      10.08	       9.55	       9.29	       9.31	           	       0.00	  901883.50	 1635913.63	 1239554.75	       0.25	       0.09	       0.33	
 2018/08/30	   10.27	   10.35	   10.08	   10.12	       99491776	      10.23	       9.68	       9.35	       9.31	           	       0.00	  994917.75	 1689082.25	 1275219.25	       0.27	       0.12	       0.29	
 2018/08/31	   10.13	   10.32	   10.10	   10.13	      131086528	      10.25	       9.81	       9.41	       9.30	           	       0.00	 1310865.25	 1343173.63	 1341358.13	       0.28	       0.16	       0.25	
 2018/09/03	   10.09	   10.30	   10.09	   10.19	       71169568	      10.20	       9.93	       9.48	       9.31	           	       0.00	  711695.69	 1041827.88	 1344395.50	       0.29	       0.18	       0.21	
 2018/09/04	   10.20	   10.55	   10.07	   10.43	      129634208	      10.23	      10.05	       9.54	       9.31	           	       0.00	 1296342.13	 1043140.88	 1347582.25	       0.31	       0.21	       0.21	
 2018/09/05	   10.30	   10.33	   10.05	   10.05	      117945320	      10.18	      10.13	       9.59	       9.31	           	       0.00	 1179453.25	 1098654.75	 1367284.25	       0.30	       0.23	       0.14	
 2018/09/06	   10.05	   10.14	    9.95	    9.97	       71177752	      10.15	      10.19	       9.62	       9.31	           	       0.00	  711777.50	 1042026.75	 1365554.50	       0.28	       0.24	       0.08	
 2018/09/07	   10.04	   10.18	    9.93	   10.01	       80903536	      10.13	      10.19	       9.66	       9.31	           	       0.00	  809035.38	  941660.81	 1142417.25	       0.26	       0.24	       0.04	
 2018/09/10	   10.01	   10.07	    9.84	    9.88	       63698928	      10.07	      10.13	       9.70	       9.31	           	       0.00	  636989.25	  926719.50	  984273.69	       0.23	       0.24	      -0.01	
 2018/09/11	    9.90	   10.03	    9.81	    9.91	       71296752	       9.96	      10.10	       9.75	       9.31	           	       0.00	  712967.50	  810044.56	  926592.75	       0.21	       0.23	      -0.04	
 2018/09/12	    9.87	    9.97	    9.82	    9.88	       56482916	       9.93	      10.06	       9.80	       9.31	           	       0.00	  564829.19	  687119.75	  892887.31	       0.19	       0.23	      -0.07	
 2018/09/13	   10.09	   10.10	    9.84	    9.96	       99972560	       9.93	      10.04	       9.86	       9.31	           	       0.00	  999725.63	  744709.38	  893368.06	       0.18	       0.22	      -0.08	
 2018/09/14	    9.98	    9.98	    9.81	    9.84	       61975020	       9.89	      10.01	       9.91	       9.31	           	       0.00	  619750.19	  706852.38	  824256.56	       0.16	       0.20	      -0.09	
 2018/09/17	    9.80	    9.80	    9.68	    9.69	       51708232	       9.86	       9.96	       9.95	       9.31	           	       0.00	  517082.31	  682870.94	  804795.25	       0.13	       0.19	      -0.12	
 2018/09/18	    9.73	   10.12	    9.70	   10.08	      112680744	       9.89	       9.93	       9.99	       9.32	           	       0.00	 1126807.50	  765638.94	  787841.75	       0.13	       0.18	      -0.09	
 2018/09/19	   10.03	   10.34	   10.03	   10.24	      123154880	       9.96	       9.95	      10.04	       9.34	           	       0.00	 1231548.75	  898982.88	  793051.31	       0.15	       0.17	      -0.05	
 2018/09/20	   10.27	   10.36	   10.19	   10.23	       62034836	      10.02	       9.97	      10.08	       9.37	           	       0.00	  620348.38	  823107.44	  783908.38	       0.16	       0.17	      -0.02	
 2018/09/21	   10.26	   10.70	   10.18	   10.67	      162451840	      10.18	      10.04	      10.11	       9.39	           	       0.00	 1624518.38	 1024061.06	  865456.69	       0.20	       0.17	       0.05	
 2018/09/25	   10.52	   10.68	   10.48	   10.55	       97701472	      10.35	      10.10	      10.12	       9.42	           	       0.00	  977014.75	 1116047.50	  899459.25	       0.22	       0.18	       0.07	
 2018/09/26	   10.61	   10.92	   10.52	   10.71	      149051344	      10.48	      10.18	      10.14	       9.46	           	       0.00	 1490513.50	 1188788.75	  977213.88	       0.25	       0.20	       0.10	
 2018/09/27	   10.65	   10.84	   10.57	   10.74	       88036336	      10.58	      10.27	      10.16	       9.49	           	       0.00	  880363.38	 1118551.63	 1008767.25	       0.27	       0.21	       0.11	
 2018/09/28	   10.78	   11.27	   10.78	   11.05	      211024272	      10.74	      10.38	      10.21	       9.53	           	       0.00	 2110242.75	 1416530.50	 1119819.00	       0.30	       0.23	       0.15	
 2018/10/08	   10.70	   10.79	   10.45	   10.45	      168635856	      10.70	      10.44	      10.23	       9.56	           	       0.00	 1686358.50	 1428898.63	 1226479.88	       0.28	       0.24	       0.08	
 2018/10/09	   10.46	   10.70	   10.39	   10.56	      106408424	      10.70	      10.53	      10.24	       9.59	           	       0.00	 1064084.25	 1446312.50	 1281180.00	       0.27	       0.24	       0.05	
 2018/10/10	   10.54	   10.66	   10.38	   10.45	       99520008	      10.65	      10.56	      10.25	       9.61	           	       0.00	  995200.06	 1347249.75	 1268019.25	       0.25	       0.25	       0.01	
 2018/10/11	   10.05	   10.16	    9.70	    9.86	      199514384	      10.47	      10.53	      10.24	       9.63	           	       0.00	 1995143.88	 1570205.88	 1344378.75	       0.18	       0.23	      -0.10	
 2018/10/12	    9.97	   10.34	    9.87	   10.30	      151681024	      10.32	      10.53	      10.25	       9.66	           	       0.00	 1516810.25	 1451519.38	 1434025.00	       0.16	       0.22	      -0.11	
 2018/10/15	   10.39	   10.47	   10.09	   10.11	      140268528	      10.26	      10.48	      10.26	       9.68	           	       0.00	 1402685.25	 1394784.75	 1411841.63	       0.13	       0.20	      -0.14	
 2018/10/16	   10.14	   10.54	   10.12	   10.37	      139692112	      10.22	      10.46	      10.28	       9.70	           	       0.00	 1396921.13	 1461352.13	 1453832.25	       0.13	       0.19	      -0.12	
 2018/10/17	   10.50	   10.55	   10.14	   10.33	      135088976	      10.19	      10.42	      10.30	       9.73	           	       0.00	 1350889.75	 1532490.00	 1439869.88	       0.12	       0.17	      -0.11	
 2018/10/18	   10.29	   10.29	   10.06	   10.09	      100115608	      10.24	      10.36	      10.31	       9.75	           	       0.00	 1001156.06	 1333692.50	 1451949.25	       0.09	       0.16	      -0.13	
 2018/10/19	    9.95	   10.78	    9.92	   10.76	      208366736	      10.33	      10.33	      10.35	       9.79	           	       0.00	 2083667.38	 1447063.88	 1449291.63	       0.12	       0.15	      -0.06	
 2018/10/22	   10.81	   11.46	   10.78	   11.15	      264554304	      10.54	      10.40	      10.42	       9.82	           	       0.00	 2645543.00	 1695635.50	 1545210.13	       0.17	       0.15	       0.04	
 2018/10/23	   11.20	   11.22	   10.73	   10.84	      160254592	      10.63	      10.43	      10.48	       9.85	           	       0.00	 1602545.88	 1736760.38	 1599056.25	       0.19	       0.16	       0.06	
 2018/10/24	   10.90	   11.33	   10.80	   11.04	      182942464	      10.78	      10.48	      10.52	       9.87	           	       0.00	 1829424.63	 1832467.38	 1682478.75	       0.21	       0.17	       0.09	
 2018/10/25	   10.80	   11.29	   10.71	   11.29	      168501136	      11.02	      10.63	      10.58	       9.90	           	       0.00	 1685011.38	 1969238.50	 1651465.50	       0.25	       0.19	       0.13	
 2018/10/26	   11.29	   11.31	   10.96	   11.18	      129997512	      11.10	      10.72	      10.63	       9.94	           	       0.00	 1299975.13	 1812500.00	 1629782.00	       0.27	       0.20	       0.13	
 2018/10/29	   11.20	   11.24	   10.62	   10.75	      159162878	      11.02	      10.78	      10.63	       9.96	 1591628.75	       1.00	 1591628.75	 1601717.13	 1648676.25	       0.25	       0.21	       0.07	
数据来源:通达信
